0.09
0.08
0.07
0.08
0.05
0.06
0.05
0.05
0.06
0.06
0.06
0.07
0.06
0.07
0.06
0.06
0.06
0.06
0.06
0.06
0.06
0.06
0.07
0.07
0.07
0.07
0.06
0.07
0.07
0.07
0.07
0.07
0.07
0.07
0.07
0.07
0.06
0.06
0.06
0.06
0.06
0.06
0.06
0.06
0.06
0.06
0.06
0.06
0.06
0.06
0.06
0.06
0.06
0.06
0.06
0.06
0.06
0.06
0.06
0.06
0.06
0.06
0.06
0.06
0.06
0.06
0.06
0.06
0.06
0.06
0.06
0.06
0.06
0.06
0.06
0.06
0.06
0.06
0.06
0.06
0.06
0.07
0.09
0.09
0.1
0.09
0.09
0.1
0.1
0.1
0.1
0.1
0.1
0.1
0.1
0.11
0.1
0.11
0.11
0.13
0.15
0.19
0.17
0.19
0.2
0.19
0.2
0.19
0.19
0.23
0.26
0.39
0.34
0.24
0.21
0.24
0.22
0.27
0.28
0.28
0.27
0.22
0.23
0.27
0.28
0.28
0.28
0.29
0.28
0.28
0.28
0.28
0.28
0.27
0.23
0.21
0.23
0.25
0.25
0.2
0.19
0.2
0.23
0.24
0.2
0.2
0.23
0.22
0.23
0.25
0.24
0.25
0.24
0.24
0.24
0.27
0.24
0.25
0.25
0.25
0.25
0.26
0.26
0.28
0.3
0.3
0.3
0.3
0.3
0.29
0.3
0.3
0.3
0.32
0.32
0.32
0.33
0.33
0.32
0.32
0.4
0.39
0.39
0.35
0.31
0.31
0.39
0.42
0.44
0.44
0.42
0.41
0.42
0.42
0.45
0.44
0.48
0.52
0.7
0.72
0.69
0.81
0.92
0.9
0.89
0.92
1.09
0.98
1.07
1.08
1.05
1.07
1.05
1.04
1.04
0.9
0.95
0.85
0.83
0.87
0.9
1.0
0.91
0.96
0.89
0.86
0.92
0.94
0.94
0.9
0.91
0.9
0.88
0.87
0.86
0.93
0.88
0.92
0.89
0.89
0.87
0.86
0.83
0.82
0.76
0.74
0.76
0.81
0.85
0.87
0.88
0.86
0.82
0.8
0.79
0.79
0.78
0.77
0.78
0.78
0.68
0.71
0.74
0.75
0.75
0.73
0.74
0.77
0.86
0.92
1.0
0.99
1.05
1.11
1.16
1.2
1.14
1.21
1.41
1.7
1.63
1.56
1.79
1.9
2.21
2.88
3.5
3.03
3.2
3.41
3.41
3.33
3.45
3.64
3.87
3.8
5.81
5.5
6.3
8.2
7.2
6.99
8.03
7.19
6.88
6.8
5.59
6.12
6.69
7.15
7.42
8.4
8.8
8.5
8.3
8.43
8.8
8.74
9.57
10.6
14.29
18.89
16.7
18.55
23.92
29.6
28.92
23.95
14.65
18.55
19.84
19.28
19.49
17.0
15.68
16.89
17.51
17.51
17.51
17.51
17.51
17.51
17.51
16.45
16.75
16.95
16.84
16.1
15.4
15.4
15.44
13.86
12.91
14.78
14.78
14.31
14.38
14.9
14.21
14.01
13.95
13.99
13.81
13.72
13.16
13.48
13.85
13.69
13.61
13.7
13.68
13.98
14.05
13.88
13.94
13.49
13.5
13.53
13.35
13.09
12.05
9.26
10.75
9.8
6.55
7.9
7.8
9.99
9.98
9.46
9.46
10.13
10.8
11.15
10.96
10.95
10.83
11.65
11.45
11.31
10.89
10.94
10.85
9.66
8.18
8.59
9.07
8.97
8.79
8.2
8.21
8.64
8.48
8.18
7.61
6.86
7.19
6.53
5.03
4.77
5.86
6.08
5.8
5.62
4.84
4.82
4.77
5.2
5.46
6.11
5.61
5.43
5.55
5.47
5.33
4.87
4.92
4.77
4.78
5.14
5.03
5.03
5.02
4.96
4.87
4.73
4.27
4.01
4.1
4.1
3.93
4.15
4.05
3.99
3.84
3.56
2.56
2.42
2.27
2.35
2.57
3.16
3.17
2.54
2.77
2.77
3.04
3.19
3.58
3.27
3.25
3.15
3.25
3.15
3.11
2.97
2.96
3.01
3.03
2.95
2.84
3.08
3.03
3.0
2.22
2.33
2.56
2.25
2.05
2.2
2.2
2.29
2.33
2.33
2.43
2.51
2.47
2.48
2.55
2.75
2.97
3.06
3.12
2.79
2.83
2.88
3.03
2.99
2.98
2.97
3.05
3.25
3.13
3.25
3.15
3.2
3.2
3.2
3.19
3.52
3.95
3.89
3.89
3.95
3.94
4.22
4.02
4.07
4.19
4.17
4.25
4.72
5.27
5.22
4.88
5.57
6.95
6.7
6.81
7.11
6.33
6.36
6.9
6.8
6.41
6.75
7.0
6.68
5.6
5.92
6.36
6.49
6.18
6.31
6.36
6.29
5.75
5.34
5.29
5.63
5.38
5.49
5.48
6.08
6.1
5.96
5.87
5.69
5.45
5.69
5.6
5.83
5.91
5.6
5.51
5.26
4.46
4.33
4.27
4.41
4.22
4.39
4.36
4.27
4.42
5.01
5.03
4.77
4.92
4.96
4.87
4.86
4.92
4.7
4.61
4.82
4.98
4.99
4.94
4.93
4.86
4.83
4.91
4.89
5.27
5.38
5.33
5.34
5.22
5.28
4.69
4.84
4.81
4.7
4.69
4.68
4.55
4.62
4.81
4.79
4.81
4.86
4.91
4.83
4.97
4.95
4.91
4.92
4.95
4.69
4.79
4.87
4.84
4.93
4.92
4.94
4.96
4.97
4.93
4.98
5.12
5.14
5.35
5.26
5.2
4.96
5.1
5.13
5.1
5.11
4.98
4.9
4.95
5.0
5.07
5.13
5.07
5.08
5.05
5.06
5.05
5.04
4.85
4.96
4.95
4.93
5.01
5.03
5.09
5.1
5.12
5.1
5.09
5.1
5.1
5.14
5.12
5.15
5.1
5.14
5.14
5.15
5.13
5.18
5.27
5.25
5.21
5.27
5.44
5.46
5.59
5.63
5.56
5.47
5.57
5.7
5.93
5.95
6.5
6.4
6.16
6.31
6.5
6.67
6.68
6.55
6.43
6.35
6.3
6.42
6.65
6.61
6.65
6.69
6.63
6.76
6.45
6.51
6.67
6.65
6.76
6.8
7.02
7.2
7.15
7.76
7.67
7.54
7.62
8.5
8.8
9.11
8.87
8.52
8.85
8.41
8.45
8.6
8.8
8.9
8.9
8.89
8.71
9.1
9.35
9.55
10.53
10.97
10.98
10.87
10.86
11.1
11.06
11.06
11.39
11.51
11.62
12.04
12.19
13.25
13.5
11.58
11.61
8.0
10.1
9.91
9.81
10.1
10.6
10.52
10.61
10.95
10.94
10.92
10.78
10.16
9.97
10.2
10.53
10.38
11.0
11.18
11.0
11.04
11.02
11.17
11.33
11.36
11.4
11.67
11.75
11.87
11.89
12.25
12.57
12.28
12.37
12.24
12.19
12.1
12.2
12.27
12.31
12.39
12.36
12.4
12.4
12.84
12.89
12.85
12.69
12.5
11.8
11.78
11.89
12.12
12.03
12.0
11.86
11.74
11.84
11.85
11.81
11.94
11.74
11.74
11.63
11.71
11.65
11.65
10.86
10.17
10.26
10.7
10.6
10.89
11.2
10.57
10.47
10.64
10.8
10.75
10.9
10.92
10.92
10.81
10.89
10.87
11.01
10.95
10.95
11.2
11.75
11.79
11.65
11.8
11.73
11.77
12.42
12.34
12.41
12.48
12.25
12.2
12.35
12.45
12.56
12.56
12.5
12.68
13.41
13.38
13.3
13.5
13.42
13.39
13.43
13.56
13.7
13.7
13.6
13.49
13.3
13.25
13.3
13.6
13.52
13.5
13.37
13.31
13.38
13.35
13.47
13.42
13.42
13.4
13.45
13.51
13.3
13.28
13.4
13.5
13.44
13.45
13.59
13.74
13.77
14.14
14.14
14.24
14.12
14.3
14.25
14.73
15.5
15.7
15.61
15.7
16.8
17.26
17.5
16.9
17.4
17.88
17.82
18.72
19.53
19.7
20.41
20.5
19.63
20.59
20.43
20.6
21.18
22.15
22.66
23.65
23.97
24.65
25.17
24.2
27.22
27.1
27.22
26.81
26.95
29.42
29.64
29.75
30.25
29.8
29.89
30.4
31.1
30.9
33.38
34.5
34.25
34.5
36.15
40.33
41.02
42.0
44.18
46.85
46.0
48.4
44.29
46.92
47.17
46.95
47.0
47.4
51.6
59.14
64.49
70.85
69.86
64.35
71.5
73.6
78.5
88.92
86.18
90.5
92.19
93.03
104.0
117.98
135.0
132.12
142.32
142.63
162.3
187.5
230.0
165.0
124.9
117.0
93.0
90.0
82.39
68.36
93.07
109.01
118.48
126.62
119.2
127.4
143.47
154.2
141.71
136.9
128.0
134.44
144.0
139.23
116.38
106.25
98.1
112.9
115.98
112.25
109.6
113.2
112.8
117.7
115.64
114.82
117.98
111.4
114.22
118.21
123.5
123.21
122.5
122.02
122.89
123.8
126.3
133.1
131.99
133.5
129.77
129.0
132.25
128.8
128.82
129.3
122.5
120.74
121.4
121.9
118.97
111.0
107.89
100.44
106.35
109.0
108.78
103.95
100.0
99.8
99.9
101.95
107.35
108.25
111.29
109.5
108.2
107.9
102.09
103.33
104.0
101.74
94.66
95.0
97.51
84.61
87.66
76.89
77.68
66.34
66.85
72.51
74.56
74.22
84.51
91.22
88.46
91.39
90.37
93.14
92.74
90.54
85.43
85.78
85.67
85.47
86.09
86.94
87.46
89.41
90.63
89.1
92.1
93.3
96.31
97.91
96.42
97.24
96.66
96.6
96.92
97.13
96.92
94.77
93.36
93.29
94.16
95.08
97.9
97.96
97.54
98.33
99.56
98.84
102.3
105.01
111.44
109.73
107.55
108.69
111.79
112.23
117.45
117.59
117.52
123.23
129.46
128.26
127.36
127.59
120.57
120.53
116.32
119.05
116.59
120.02
121.46
125.45
125.76
126.51
124.08
124.58
125.06
125.97
126.3
124.19
122.9
122.64
122.65
122.22
122.54
123.42
123.48
123.5
124.75
125.18
123.1
125.49
99.81
116.82
121.29
121.14
121.68
123.24
124.32
125.84
125.7
125.51
126.52
130.42
133.04
138.64
137.42
142.73
149.59
159.81
163.06
174.18
183.86
200.62
183.15
178.12
175.9
185.69
187.87
198.19
194.55
198.23
198.51
200.85
207.63
225.2
239.29
253.69
283.3
323.77
336.14
311.9
332.63
349.34
393.28
410.72
409.17
428.82
476.29
674.38
541.83
572.67
695.87
747.48
776.7
751.38
778.68
899.2
948.41
1037.75
1120.4
1124.76
946.92
1038.35
1068.67
1147.25
1042.03
