123.65499
125.455
108.58483
118.67466
121.33866
120.65533
121.795
123.033
124.049
125.96116
125.27966
125.9275
126.38333
135.24199
133.20333
142.76333
137.92333
142.95166
152.55183
160.33883
164.31499
177.63333
188.29716
200.70166
180.355
175.03166
177.6965
187.15983
192.75666
197.4
196.02499
198.04883
198.93233
200.543
210.3075
225.02
248.25333
262.32666
294.48699
331.10325
285.8875
304.97974
338.137
357.48
402.954
409.10375
420.21649
437.29725
510.6025
693.65
531.54249
574.71599
681.33
774.18
746.19374
768.8475
789.36475
893.1815
934.355
1068.363
1154.92593
1099.51926
1019.78966
1028.845
1071.2848
1139.33083
1004.61633
759.43041
689.81
841.83966
916.77599
967.42866
866.29003
911.23204
889.81946
848.9975
868.95316
653.80483
654.06266
553.69166
693.05883
649.38965
595.95883
647.68316
671.58116
659.84333
702.00083
758.01016
734.01166
717.92623
752.82022
744.17249
768.40783
769.09849
804.02719
813.31748
871.11583
970.65083
962.46447
855.75933
860.84166
847.5325
892.26115
916.69666
873.27168
863.69888
853.25666
874.07416
842.19173
834.86666
838.42916
881.87583
873.28916
874.13266
864.56116
838.14997
834.57416
858.12641
887.08337
830.53133
832.89496
832.87399
841.48914
847.36383
854.7225
856.03366
847.70697
844.28836
802.75333
748.43559
692.66914
668.86463
700.44843
694.3125
665.7975
645.615
578.4125
641.91
656.2725
611.04499
634.99
618.79
619.8425
545.7625
561.535
622.22
572.7675
501.155
550.6025
573.1025
567.2925
551.73
560.195
567.7
666.1475
660.84
662.0225
651.285
612.33
611.1625
637.615
626.0
633.74749
631.755
636.41414
628.18751
632.95333
630.34833
617.24333
616.86665
601.015
581.33333
570.36168
562.95333
557.16833
573.34998
572.49161
570.54833
509.70665
499.24998
486.80845
472.4783
464.88
480.16581
427.87498
432.99716
453.87148
462.445
456.46948
452.81
450.48083
426.98333
374.59166
438.24666
423.51566
409.03166
455.28316
517.09666
522.455
490.8785
469.38332
507.80663
505.09665
497.65001
487.84
487.11333
469.08816
448.77834
452.14829
426.78166
432.60498
444.85668
454.55666
453.59833
441.97833
438.29035
432.78748
418.61831
428.42593
442.57666
439.04
449.04333
449.74166
434.27
437.0
438.88
445.045
443.18
445.60666
445.15666
444.73833
455.65333
489.86999
490.18666
522.31
512.30833
533.92999
579.59333
581.51
572.44833
562.4
571.845
612.12666
638.16333
634.98333
660.24666
627.79833
642.89166
652.52666
648.60166
652.59166
652.11
644.085
642.00666
632.55
585.48333
588.52333
570.28833
589.06666
592.25666
610.41333
601.88666
594.09333
582.04499
599.57
592.405
584.64166
575.905
571.76666
582.43166
597.66833
598.73333
597.51333
647.12249
637.85625
642.65125
643.95124
628.41625
631.03
631.29875
621.24249
620.72
621.3075
616.83124
634.35749
627.69
621.42499
618.73875
619.8075
614.68875
623.49749
623.99625
623.00625
617.96124
622.10749
618.4475
617.6875
602.93125
597.585
592.96375
580.11
585.44875
580.5175
564.57
583.39
593.80625
581.52
585.80125
582.33375
582.52125
583.62375
595.80875
585.39625
586.05875
588.7525
566.31625
565.55125
534.54
511.4725
487.56625
516.62625
489.4675
455.91625
472.91
519.015
508.12875
507.51
501.63125
503.32125
504.62625
513.39125
514.62375
506.025
504.70625
502.055
474.5425
477.98375
476.88375
475.65
485.65125
480.9075
481.88375
473.58625
468.5775
474.29125
479.4175
473.6725
471.5325
475.37875
475.02125
471.08375
464.55375
449.95875
425.4475
410.08
405.79625
399.0975
399.5025
427.8125
416.12
410.15
403.4975
398.84
377.97875
376.08375
387.94
381.7475
372.0575
360.7525
335.98125
308.07875
337.23375
326.2325
351.34625
368.59625
359.2025
356.99875
371.15625
392.7825
396.34625
392.56625
376.26875
378.675
390.95875
381.72375
380.0575
382.93875
376.59
351.7825
353.6325
345.1925
350.9775
349.79625
348.9025
335.53625
343.55875
338.0105
325.22633
331.60083
324.71833
332.45666
336.585
346.775
344.81166
343.065
358.50166
368.07666
376.99666
442.10666
389.00333
394.92666
377.08
400.47166
384.93
375.83333
376.16
348.565
352.42
356.8
367.83
381.20666
375.498
372.819
368.983
375.44
376.851
376.13218
377.862
382.452
376.382
368.3618
373.414
373.744
373.155
357.884
348.898
341.041
348.272
346.742
347.348
348.674
338.547
330.536
317.405
306.45999
319.196
321.89299
320.03499
328.701
332.053
321.386
318.563
320.868
316.009
315.64
313.994
309.903
317.204
314.49899
311.14099
277.853
270.813
272.0175
283.84125
290.485
281.03625
286.688
277.64999
268.10199
243.081
219.128
193.3511
220.5745
209.1655
195.59467
212.2711
211.5401
212.28249
230.6754
226.30419
231.4242
251.606
283.59769
258.5374
257.447
235.948
233.141
226.94116
216.66066
229.80441
237.65175
225.83858
226.554
219.75625
225.46666
225.73291
222.78408
220.16725
223.00366
218.72833
223.96716
237.65716
256.21758
230.1355
235.71275
242.93183
237.1035
241.07183
245.70566
245.145
235.14141
238.93183
238.15225
235.67716
251.28908
251.03416
251.9314
258.8485
270.7625
278.1172
269.2606
274.8977
270.86109
276.72789
277.98519
294.1886
289.7149
292.8678
293.224
282.644
283.0809
290.61579
290.542
283.7507
252.44789
263.4741
259.913
259.3943
267.5549
265.273
246.6733
245.6489
246.5497
248.4467
246.728
245.1133
247.2639
243.3028
246.96
252.0578
253.4334
252.0256
260.3589
252.0909
252.8629
244.0449
240.9478
236.4388
236.5542
235.522
222.6009
220.9126
226.0171
227.9255
223.317
223.4062
223.9214
224.9815
235.50369
234.15749
233.40079
228.92379
219.94549
219.19029
227.3867
225.3545
225.9976
236.6827
233.8511
236.2378
240.3646
235.6033
235.6017
230.4207
237.059
244.6989
241.516
239.4036
240.00079
241.3529
235.5478
237.5737
236.657
236.339
236.2319
233.3119
232.7193
234.204
235.86329
240.1588
239.7985
240.9415
237.6588
237.1844
237.6708
237.2277
236.1404
233.3328
230.8331
223.415
226.6168
225.444
223.9665
224.2525
225.8403
223.69459
228.1884
229.2025
229.9599
229.9082
230.6695
233.1445
234.7473
237.39899
248.7435
247.2359
249.0733
240.7897
244.15625
244.9588
247.1273
243.371
240.9204
242.31912
242.28812
250.382
249.42725
258.38549
261.71749
259.62937
255.52675
253.87887
261.42899
267.60762
270.07587
264.356
267.943
269.24925
286.53662
301.03837
304.9905
290.93137
288.48787
287.55762
276.97924
278.33337
275.30687
274.28387
279.45925
274.87242
276.2095
276.24491
287.55583
287.83983
291.20091
293.15058
292.99425
288.61658
286.74491
282.33741
278.68258
279.48591
283.49091
284.24366
280.9375
275.92866
278.2765
261.75225
265.0825
264.87516
270.22325
264.14299
262.01758
265.3955
261.20058
258.0065
256.44841
230.38424
232.06483
234.56375
233.03691
231.21275
227.23233
203.18133
219.81583
224.53608
224.18875
230.93575
230.58541
227.18083
229.02966
226.28841
228.35299
227.14741
229.66691
240.70116
239.88
242.01891
244.31383
237.99466
240.56366
239.81675
235.053
229.15808
230.51091
230.98066
229.58975
233.2385
232.50008
231.33733
230.75433
227.79358
231.30983
231.09508
233.74475
234.92466
234.32908
237.21116
238.56625
238.06125
237.15191
238.06358
237.63516
238.99883
238.82433
240.63075
246.49633
244.49816
243.25675
244.96533
245.07
247.65041
244.57641
249.45908
254.64216
255.72741
267.53983
270.04041
264.98625
264.92575
270.49541
267.46908
274.25325
279.97908
286.86941
284.286
287.83091
300.53566
304.32691
326.55691
327.58425
311.70274
325.64666
369.51133
432.46133
434.31683
359.586
377.64099
387.775
370.652
376.948
311.702
320.036
337.893
334.125
333.951
320.06
337.759
333.33299
334.02499
315.63099
321.482
326.365
322.606
320.993
318.337
332.471
349.138
354.954
356.806
375.204
377.798
352.128
366.788
358.443
369.956
394.861
391.618
395.59299
421.424
415.076
421.813
467.831
435.091
437.021
453.676
445.805
451.102
456.425
464.218
460.238
435.64099
438.276
437.994
456.572
455.743
447.606
419.338
427.817
422.741
431.029
424.962
432.358
433.773
431.985
431.691
433.732
427.164
441.021
457.168
452.368
445.327
450.312
446.614
431.156
431.41
416.29
372.737
383.138
380.817
382.738
378.775
417.439
403.271
388.219
388.538
397.885
390.715
392.389
381.356
369.133
376.952
378.174
372.157
372.453
372.762
370.433
386.954
377.889
376.44
376.924
372.434
374.764
379.186
378.576
388.87
397.23
405.621
401.663
407.017
417.492
421.956
422.054
439.61
436.14
438.745
419.896
422.617
421.244
433.401
425.502
438.28
436.426
434.001
419.254
421.597
407.722
397.883
407.276
414.213
410.739
411.672
416.708
415.04
411.637
414.208
416.034
414.167
417.138
417.154
407.473
409.24
407.496
415.125
417.318
415.837
414.75699
416.851
416.233
424.297
423.597
414.613
414.458
416.012
418.785
418.93999
418.593
422.044
422.29499
420.553
421.616
415.751
418.078
421.192
426.383
426.84399
425.494
426.279
429.775
430.453
429.318
428.522
435.926
443.758
446.776
447.233
455.152
458.626
464.429
466.064
441.304
446.236
454.375
449.108
453.067
443.681
449.157
447.73999
447.58599
458.864
459.937
458.708
460.954
454.39399
451.155
453.701
456.039
456.093
457.64099
454.278
454.064
453.494
440.231
442.953
442.892
440.551
444.489
447.035
448.278
467.262
489.847
516.051
529.917
537.23299
528.04999
538.568
537.185
571.139
579.343
578.84899
585.399
576.226
580.43599
574.953
583.87
633.205
682.226
695.155
685.442
732.357
773.25
736.386
747.831
758.903
702.696
657.013
581.249
657.08999
687.168
657.22399
644.091
655.94399
634.357
635.093
683.293
678.567
690.179
670.741
679.351
676.872
671.814
640.476
654.85299
649.356
656.747
648.136
663.443
654.018
663.638
666.56499
665.113
681.239
673.832
673.008
662.034
666.747
654.725
654.895
660.284
655.418
650.82899
656.91599
655.427
656.681
635.588
621.37299
601.227
555.926
578.52374
570.33875
574.87375
588.51625
589.66125
586.715
585.23875
594.81625
581.9625
584.87375
581.65
571.9625
567.60749
575.54125
572.37249
573.01625
573.08
581.35375
579.6675
585.5075
577.98749
574.5825
575.0625
575.3425
568.78875
574.49749
571.94125
573.78125
572.96
570.1
572.52125
596.45375
606.0525
604.465
609.4325
613.67499
623.6
620.59875
622.03375
604.8275
607.03625
606.885
606.8975
605.52125
606.04625
605.08
609.37249
606.7175
595.93375
596.225
595.0175
602.4075
601.36875
598.9075
605.0175
602.885
603.58124
604.52125
610.58375
613.23749
611.88874
609.495
608.125
610.57
610.23375
617.445
614.59625
615.91625
618.3275
637.21624
637.73625
635.88375
638.975
638.605
636.635
637.01625
634.605
626.36875
629.61249
630.61875
650.895
647.69375
652.235
657.05625
684.3775
684.2975
700.135
704.91
693.89625
708.955
725.6925
741.84875
701.21875
702.175
705.47875
705.47125
706.13375
728.36125
719.2525
714.57125
715.7725
694.72125
704.62125
711.39625
710.9275
745.92625
738.665
748.8075
752.5525
730.365
734.84
745.97875
739.81875
730.3125
737.4025
727.445
731.9
731.12625
731.64
744.1025
766.5925
769.915
764.3575
760.1
754.82625
758.35375
763.23625
766.8725
773.2825
765.9525
769.8275
774.38625
778.35625
776.9825
776.415
786.9725
789.24625
791.0
789.2325
805.79625
842.63875
910.9325
910.2475
870.13125
905.45625
900.36625
948.89875
971.645
954.84375
952.455
964.325
1009.97375
1028.33375
1047.09999
1140.385
985.93875
837.83625
923.52375
889.33875
905.22625
910.60625
772.66125
784.89375
820.68875
821.19625
830.74
848.58125
890.29375
888.0625
896.16375
920.58875
934.7775
920.365
912.2125
898.55
901.05
912.84375
919.795
920.82875
916.91125
921.35125
973.065
982.8275
1020.09
1011.215
1029.40124
1019.3125
1029.40875
1067.70875
1072.205
974.95875
997.2275
1004.71375
1004.85375
994.58
1003.59
1018.41125
1038.86625
1058.315
1052.84375
1046.66249
1079.5825
1112.86375
1122.515
1193.501
1182.429
1139.848
1189.366
1189.94699
1193.611
1221.05
1269.776
1285.376
1260.668
1273.24699
1280.30499
1206.357
1153.06
1200.557
1147.625
1186.351
1235.553
1242.806
1245.892
1247.67099
1126.08199
1062.07
1000.24599
1036.226
1065.481
1091.333
1036.099
1013.844
921.808
962.508
968.293
1035.32199
1011.969
1041.374
1048.86299
1077.557
1082.37
1140.037
1148.092
1139.86
1150.685
1177.284
1196.896
1187.03299
1213.801
1206.74
1226.896
1216.269
1187.136
1186.10899
1189.55
1184.2
1211.73799
1218.666
1227.981
1261.702
1255.25125
1232.7575
1243.43
1251.5775
1269.69625
1289.7475
1335.825
1319.7
1311.58874
1370.79
1416.61
1448.88625
1506.7725
1543.31
1536.1525
1554.6025
1564.065
1644.72875
1695.83125
1748.35375
1774.52
1634.6075
1774.805
1747.04375
1665.0325
1744.44125
1796.89625
1913.13875
1983.97875
2074.69625
2114.98875
2196.66874
2348.55249
2581.85375
2460.95375
2232.2875
2234.83374
2195.785
2315.73625
2170.98124
2402.125
2477.1725
2475.2975
2526.31125
2605.125
2855.03
2900.8525
2737.9025
2826.03875
2846.00625
2910.33625
3007.0125
2697.0775
2780.1825
2518.54875
2438.61749
2520.78375
2680.1025
2611.67999
2667.5475
2805.0975
2702.00375
2763.29125
2740.5925
2598.15875
2630.59499
2513.42999
2556.1675
2591.2675
2547.3225
2479.05499
2424.69875
2513.74125
2640.06125
2588.67875
2634.17375
2598.57
2514.3625
2586.0425
2524.12624
2352.265
2292.91375
2437.55375
2337.67875
2109.37375
2045.5725
1986.9425
2189.23999
2354.8925
2349.355
2740.56875
2738.775
2831.67875
2772.3675
2768.8025
2540.20874
2570.195
2699.72125
2719.69
2714.70375
2718.6175
2867.65375
2739.70875
2740.07125
2811.71
3123.41125
3254.71
3274.6375
3474.7625
3416.185
3364.41125
3451.8525
3705.43
4104.015
4036.7575
4462.67625
4118.9025
4322.42125
4311.685
4180.23875
4139.38125
4110.94125
3911.27625
4162.79249
4178.75625
4396.03125
4359.9025
4381.39625
4340.46
4442.6575
4664.64375
4676.1425
4783.17
4864.285
4672.56875
4593.1825
4160.535
4517.57
4543.1025
4628.6025
4280.975
4194.21875
4307.82625
4295.76124
3944.58375
3817.0575
3358.10875
3772.68375
3608.595
3764.6175
3976.3875
3863.18625
3827.685
3690.99125
3612.1625
3772.8475
3753.435
3920.99125
3939.515
4220.28
4062.20375
4207.825
4300.55125
4414.1775
4424.4725
4307.555
4186.78374
4325.23625
4370.16875
4446.17249
4624.34875
4789.30125
4741.70875
4858.60499
5728.5475
5666.97875
5779.07375
5607.01
5643.55375
5495.03875
5627.08625
5686.52625
6098.115
5949.07875
5969.795
5649.005
5550.85875
5776.87875
5923.70625
5737.1025
5741.7225
6151.325
6130.56375
6424.515
6879.365
7199.2375
7210.46875
7376.7425
7231.93
7123.89375
7356.50625
7342.82375
7250.77
6773.695
6075.30125
5969.13
6666.27125
6867.42625
7259.3
7924.1825
7598.2775
7787.45625
7954.7675
7879.06
8150.6325
8208.75375
8094.445
8190.87125
8851.305
9573.9675
9713.09625
10295.6225
10542.6625
9706.10375
10923.20125
10973.54375
11382.20875
11597.23125
12230.365
13734.52
16403.42125
15732.1
13152.52875
16299.2975
16374.8975
16678.28749
16246.13875
17221.65125
17436.5975
19166.97874
18640.2625
18984.7675
16862.57125
16925.0175
14182.46499
14694.5825
14103.21875
13387.34875
14652.3675
15846.07375
14362.40375
14867.5725
13643.695
13062.145
13439.4175
13337.62125
14881.545
15104.45
14953.8525
16576.69625
16735.10625
15632.41125
15242.93625
14122.825
13269.5975
13633.36375
14165.90625
14217.3625
13519.92625
12915.11625
10870.16875
11340.65
11137.36875
11742.94125
12486.06625
11508.62
10872.9025
10830.9275
11629.375
11524.345
11005.615
11452.23
11412.79375
10917.15125
9914.4725
9970.30875
8715.59499
8285.50124
9192.045
8136.39
6332.37
7270.5075
7987.28125
8086.7725
8930.13875
8045.44
8478.92499
8766.8525
8693.2525
9659.2875
10110.83875
10474.77125
10855.9375
10537.00625
11416.03875
10928.02
10727.9525
9809.72125
10412.36875
9585.285
9627.71625
10272.9025
10903.01875
10352.04625
11100.2925
11305.1225
11171.8175
11558.475
11246.7475
10735.88625
9552.75875
8980.19249
9251.2925
8680.6075
9433.47374
9047.5125
9260.70875
7895.98875
8039.6025
8206.555
7667.99
8189.49125
8597.3375
9028.2975
9023.7175
8411.6525
8881.98625
8548.8125
8429.33124
7854.6375
7863.255
7866.36
6861.325
6970.36375
6926.875
6986.835
7182.12
7295.89
6769.48375
6766.5925
6854.92125
6964.4325
7125.53875
6789.2675
6824.49375
6941.63875
7823.55875
8040.88125
8083.57375
8160.4125
8030.57
7937.61
8188.71875
8333.81374
8866.67
8830.05875
8868.16124
9191.82
9373.3025
8807.515
9153.64125
9144.38375
9444.1425
9268.7175
8949.87624
9029.47875
9228.8525
9572.69875
9817.5975
9845.54375
9326.76125
9424.99124
9039.02875
9327.04999
8920.25625
8408.35875
8442.23875
8398.86249
8711.38875
8159.25625
8360.22875
7996.82125
8237.3425
8250.395
8493.13125
8324.025
7951.51375
7614.96375
7599.9525
7436.835
7296.79625
7383.2175
7118.42375
7491.61125
7363.27625
7448.48274007
7490.62125
7518.33332893
7630.40338816
7716.14506806
7505.58927693
7624.18797056
6780.34080267
6525.32918161
6321.65596478
6601.32415774
6397.44116994
6529.54401499
6482.86869686
6711.64966998
6731.71014664
6736.86772124
6729.92593695
6099.44527734
6198.70082359
6142.39256971
6244.32845497
6148.42270541
6140.19149955
5954.52658181
6189.30925194
6343.89219996
6373.27785412
6629.74959485
6482.83059363
6589.63279301
6538.68243234
6570.4275921
6744.98867917
6694.53085108
6364.3875896
6360.4466682
6144.81011795
6254.67812918
6366.34990356
6671.62591907
7315.55104034
7359.73701834
7484.63967039
7357.44567732
7424.73423781
7411.20052473
7730.24747981
8325.80153367
8271.59791968
7925.24739588
8254.27734834
8184.69553517
8201.89008995
8166.3883602
7700.83412852
7588.58618022
7547.31495051
7423.07437799
7396.04112154
7411.51529936
7402.33663374
6748.44148418
6460.15315501
6482.97344876
6092.53310366
6391.59925837
6338.73895675
6260.19299503
6123.44760061
6332.60689993
6273.88806954
6566.5952834
6396.94636862
6516.66838214
6299.39533313
6470.73356665
6355.88180885
6503.83236196
6675.36068278
6725.03232699
6689.8226826
6756.62892587
7084.29361674
7059.23123526
6938.9145823
7028.44731157
7198.05843623
7282.85851383
7260.25159256
7361.27186424
6913.11501294
6471.49388365
6400.26870566
6181.74420696
6253.93720134
6275.08313218
6275.66958827
6277.49440913
6283.18419982
6285.98246631
6280.31010688
6281.40935565
6273.22008256
6278.59548618
6282.61072659
6288.0701703
6317.69968502
6293.83642084
6289.62132698
6466.99456391
6391.38598059
6509.77662125
6698.41604688
6502.68815132
6576.6143197
6647.38794673
6603.75434205
6576.35422894
6481.24577033
6594.93578579
6630.57529707
6595.26032626
6591.68631834
6662.86849956
6663.02107075
6619.49584514
6285.85920264
6309.1989214
6331.13115408
6361.41701627
6721.58750328
6724.8330779
6444.74700959
6374.64886255
6372.68681707
6407.47908491
6412.53049073
6396.88015425
6396.25232404
6407.66717523
6405.50072582
6392.17933738
6436.35548393
6429.68714143
6266.18968272
6276.46449972
6321.71367131
6341.09481265
6360.14127192
6344.73894294
6405.13975468
6396.35212354
6425.91780182
6514.48945274
6412.52428906
6343.63250376
6365.65523152
6327.4806461
6327.15469606
6282.43867716
5524.80109342
5511.15283353
5448.60063357
5497.41127873
5553.01489501
4800.34289746
4246.31277406
4478.29955829
4405.74403136
4329.91722032
3728.87264849
3951.20502915
3640.5571648
3792.19236412
4174.31997237
4218.60836311
3952.4478954
4178.60382773
4118.51824177
3847.03273741
3889.29211969
3713.57338275
3578.20662404
3391.87414597
3452.61618539
3507.3063672
3419.73376846
3360.94662826
3414.83374883
3263.54791299
3212.20708073
3194.96227244
3200.64246809
3478.46120265
3562.89494636
3709.31675921
4065.79995285
3824.73979391
3862.72632865
3949.79434166
4054.29625982
3767.3500239
3807.15302247
3587.19822292
3865.52930044
3689.56462034
3715.56444113
3882.30475435
3795.5927413
3812.38110768
3809.91434296
4014.13318707
3989.63174093
3992.98614391
3995.32519316
3617.34629116
3606.16489038
3611.52823785
3497.6693915
3654.34706736
3568.75125874
3593.72173977
3623.7173367
3605.85518688
3690.90856369
3544.22172428
3528.46352945
3581.55194724
3549.7707991
3562.92047646
3566.6661637
3563.27800955
3539.62094724
3425.26216119
3395.01864525
3441.03221542
3420.63322658
3439.80569888
3433.03528522
3404.4993134
3412.2304311
3419.76789875
3367.51903158
3360.53407586
3591.02215188
3617.46468013
3621.15400271
3593.18317657
3579.34188103
3569.55483278
3558.3968581
3566.24776463
3596.40519124
3606.15198841
3865.31816498
3904.48292023
3924.73984392
3889.75848518
3933.60758963
4105.1127586
3763.6205158
3819.86534144
3797.58178951
3772.93633533
3799.67854295
3811.61197937
3804.41917011
3782.66410112
3689.86289319
3832.08088473
3848.95636968
3859.83998333
3828.37190407
3898.86845956
3899.65586896
3851.24918965
3866.29594632
3846.27444151
3855.74436266
3892.05230114
3985.85123648
3970.38904461
3974.4157641
3996.03713076
4027.78739549
3974.81142946
3987.30522491
3977.70744329
3968.43870099
3913.78171705
3915.37531978
4018.5905097
4008.37087185
4080.26011419
4081.2216047
4094.70479138
4135.18493997
4818.77063535
5102.15075264
4875.5994314
5030.93327059
5028.32108194
5198.17317029
5260.20504309
5179.99764922
5283.54375783
5049.60582354
5077.51586409
5066.86704016
5158.38740101
5045.67516591
5184.20446778
5220.95993382
5276.55898233
5266.66124588
5292.1483297
5276.55831816
5398.4334166
5552.52191055
5432.99101742
5132.22752627
5151.57452817
5200.19323932
5152.54573963
5151.43349968
5277.44446889
5297.94249222
5405.87806701
5697.6790538
5812.3317793
5713.03505181
5706.00842079
5899.52969346
5932.44139139
6159.68590183
6387.82945044
7254.80553616
6992.70666146
7906.94083505
7928.41741635
8177.45351918
7820.07624282
7243.65053896
7295.64972882
8221.25939535
7917.0124988
7961.12874316
7723.90387962
7903.8469104
8038.50679075
8089.5701635
8653.14236802
8800.34660615
8719.331485
8672.40010729
8287.04025632
8513.20388193
8588.47950497
8744.26556072
8474.04822912
7645.5725139
7790.32113496
7730.88172589
8030.25607944
7949.42579863
7600.92249209
7954.00623772
7903.62525038
8151.78867978
8256.72009946
8667.78795399
8836.16841291
9061.54046064
9346.9750872
9012.48784965
9259.12363839
9559.90068857
9906.40796505
10461.4121688
10843.5709748
10996.4597495
11665.4096837
12444.92586
11086.2688287
12316.953012
12024.0809722
10932.3105072
10454.6838183
10800.13014
11942.2402248
11645.5246063
10946.2090547
11219.0460004
11422.114468
12335.9993946
12575.9040674
12054.1837935
