79.312500
81.5000000
85.3750000
70.5000000
71.3125000
67.0000000
72.5625000
66.8750000
67.8750000
64.9375000
66.750000
63.437500
64.125000
66.937500
64.6250000
67.5625000
70.000000
68.625000
65.187500
65.0000000
60.3750000
67.5000000
67.9375000
81.1250000
82.7500000
76.1875000
74.0000000
80.546799
78.500000
77.125000
75.687500
73.437500
72.750000
71.250000
68.437500
64.937500
64.875000
70.562500
67.437500
66.562500
66.000000
67.625000
64.937500
63.250000
62.875000
64.875000
63.250000
63.000000
67.250000
64.000000
66.062500
64.750000
62.250000
66.062500
63.500000
65.1250000
70.8750000
69.500000
74.625000
72.250000
72.375000
69.500000
64.500000
66.750000
65.437500
62.8750000
61.750000
63.437500
65.125000
67.250000
62.500000
64.000000
57.8750000
47.8750000
45.2500000
47.6250000
55.312500
53.375000
49.375000
51.812500
53.3125000
49.3125000
54.000000
56.000000
59.187500
55.250000
54.250000
54.625000
56.812500
56.500000
54.531200
53.937500
54.687500
53.625000
57.125000
57.187500
60.375000
54.625000
53.000000
50.500000
46.4375000
49.500000
46.250000
47.312500
50.750000
48.875000
52.375000
55.031200
54.000000
51.875000
52.562500
51.937500
52.187500
48.187500
49.312500
47.000000
47.250000
45.500000
45.875000
45.437500
46.1875000
36.6250000
35.3125000
33.7500000
36.8750000
37.125000
37.000000
36.687500
37.000000
36.875000
36.125000
36.375000
35.187500
35.4375000
35.625000
36.3750000
42.875000
40.125000
41.500000
40.937500
40.437500
41.062500
36.7500000
35.0625000
31.4375000
31.4375000
30.062500
30.625000
30.250000
29.437500
31.937500
32.000000
33.250000
32.375000
31.500000
30.500000
33.500000
34.625000
37.562500
38.000000
39.250000
39.093700
38.125000
36.375000
39.562500
39.125000
38.812500
39.500000
42.3750000
43.125000
42.125000
40.9375000
47.2500000
46.812500
44.062500
42.625000
43.375000
41.312500
44.187500
45.375000
43.500000
42.062500
40.437500
37.437500
38.375000
41.218700
40.625000
38.6875000
37.312500
39.000000
38.187500
36.750000
33.437500
35.187500
32.500000
30.2500000
29.750000
27.937500
28.375000
24.250000
28.125000
24.8750000
19.8750000
26.5625000
27.6875000
29.6875000
29.8750000
34.0000000
32.1875000
33.9375000
33.0625000
32.687500
35.8125000
38.062500
39.000000
38.562500
36.500000
36.000000
32.687500
30.750000
28.812500
28.750000
28.625000
28.687500
28.000000
26.000000
26.625000
23.8750000
26.421801
29.750000
26.0000000
25.1250000
24.7500000
24.937500
25.187500
27.125000
24.687500
23.0625000
23.3125000
22.8750000
24.500000
26.562500
24.062500
22.250000
20.7500000
20.3125000
16.1875000
16.375000
15.312500
16.312500
16.000000
16.625000
16.750000
15.812500
13.6250000
17.0000000
15.500000
14.4375000
14.5625000
15.8437000
15.7500000
17.343700
18.312500
18.875000
18.375000
20.375000
19.500000
18.375000
19.1875000
21.687500
18.937500
19.125000
20.5625000
18.9375000
17.187500
16.1250000
14.625000
13.8125000
15.187500
15.312500
14.312500
14.125000
15.000000
14.125000
13.5000000
13.625000
13.625000
12.250000
12.000000
11.875000
12.062500
11.812500
11.250000
9.875000
10.031200
12.3750000
13.0781000
11.9375000
11.937500
11.437500
11.375000
10.812500
10.250000
11.375000
10.625000
11.187500
10.562500
10.375000
10.062500
10.562500
10.700000
10.920000
11.100000
10.570000
10.120000
10.330000
8.710000
8.570000
9.020000
8.900000
11.840000
11.240000
13.100000
13.050000
14.500000
13.810000
15.660000
16.900000
15.620000
16.389999
16.440001
15.690000
16.250000
15.720000
15.630000
15.900000
17.139999
16.830000
16.350000
17.360001
16.280001
15.550000
15.400000
14.550000
14.530000
13.350000
13.450000
14.090000
14.830000
14.950000
16.790001
16.200001
15.710000
16.650000
17.209999
16.540001
15.840000
17.219999
17.320000
17.059999
16.670000
15.820000
16.250000
15.500000
14.600000
14.960000
14.120000
13.010000
12.450000
12.450000
11.270000
12.680000
13.130000
12.710000
12.540000
13.810000
14.230000
14.310000
14.100000
14.490000
14.280000
14.900000
15.350000
16.080000
15.430000
15.700000
16.260000
16.940001
15.840000
16.070000
16.150000
16.530001
17.020000
13.620000
12.290000
11.670000
12.330000
12.210000
12.640000
12.730000
12.590000
12.240000
12.180000
11.890000
11.510000
11.140000
10.580000
10.100000
10.320000
10.540000
10.080000
9.510000
10.190000
10.700000
10.160000
10.130000
9.840000
10.090000
10.120000
10.040000
9.060000
8.700000
8.950000
8.660000
7.840000
7.960000
8.400000
7.300000
7.590000
7.350000
7.110000
6.950000
7.700000
7.490000
7.200000
6.470000
6.250000
5.910000
6.170000
6.170000
7.090000
6.970000
7.070000
7.110000
6.900000
7.540000
7.760000
8.240000
9.230000
9.980000
8.910000
8.490000
8.070000
9.250000
8.050000
7.390000
7.630000
7.610000
7.010000
6.790000
7.080000
6.950000
7.100000
7.080000
7.010000
7.660000
7.050000
7.160000
7.440000
7.630000
9.220000
9.210000
9.350000
9.070000
8.740000
8.900000
9.830000
12.050000
11.240000
11.890000
11.300000
11.020000
10.930000
12.400000
12.040000
12.290000
11.550000
12.000000
12.430000
11.540000
11.100000
11.100000
11.050000
10.730000
10.570000
10.310000
10.150000
10.970000
11.330000
10.910000
11.070000
10.930000
11.130000
12.020000
12.080000
12.270000
11.960000
11.660000
11.030000
10.800000
10.340000
10.010000
9.820000
9.600000
12.740000
12.490000
12.750000
13.560000
14.860000
15.540000
13.980000
14.120000
14.070000
12.910000
11.980000
11.900000
11.250000
11.510000
12.640000
13.030000
13.100000
13.340000
13.910000
12.950000
13.190000
12.910000
13.050000
13.090000
13.510000
14.550000
14.290000
14.130000
15.420000
16.000000
14.820000
16.410000
16.250000
16.040001
16.350000
16.049999
14.990000
14.270000
14.150000
15.150000
14.480000
14.620000
15.120000
15.470000
14.640000
13.900000
14.400000
14.280000
14.640000
14.370000
13.730000
13.670000
12.970000
14.070000
13.760000
13.280000
12.900000
13.420000
14.180000
14.240000
14.700000
14.380000
14.580000
14.350000
15.230000
16.510000
16.860001
16.750000
16.129999
16.549999
16.430000
16.230000
15.940000
16.110001
16.549999
17.120001
17.889999
17.170000
18.040001
18.680000
19.510000
19.969999
18.799999
19.540001
18.670000
18.840000
19.400000
19.570000
18.820000
18.700001
18.500000
18.309999
17.799999
17.980000
17.889999
17.889999
17.900000
17.309999
17.049999
17.000000
17.139999
16.950001
18.129999
18.490000
18.320000
17.600000
17.430000
16.889999
14.690000
16.110001
15.690000
16.170000
13.600000
13.380000
14.390000
14.950000
15.050000
15.650000
14.660000
15.750000
15.470000
15.690000
16.840000
15.920000
15.360000
15.150000
15.540000
12.370000
13.710000
12.720000
13.250000
14.190000
14.450000
14.310000
14.130000
13.650000
13.270000
13.930000
13.240000
13.610000
14.140000
14.300000
13.930000
14.050000
14.390000
14.840000
15.380000
15.950000
15.330000
15.600000
15.290000
15.040000
14.480000
14.430000
14.910000
14.710000
14.660000
14.580000
14.560000
15.120000
16.530001
17.150000
16.830000
16.690001
16.510000
17.000000
17.219999
17.400000
17.450001
15.600000
15.870000
16.170000
15.930000
16.850000
16.639999
16.230000
16.809999
16.790001
16.950001
16.549999
16.879999
16.700001
17.160000
18.180000
18.180000
19.840000
18.270000
20.100000
18.480000
18.889999
19.010000
19.520000
19.950001
18.840000
19.280001
18.510000
18.850000
19.030001
19.219999
19.389999
18.629999
18.770000
18.850000
19.040001
19.400000
19.010000
19.610001
20.990000
21.150000
22.650000
21.879999
21.350000
23.330000
23.200001
24.030001
24.020000
23.719999
24.150000
24.150000
23.830000
23.480000
23.660000
21.700001
22.230000
21.959999
21.670000
22.469999
21.950001
22.230000
22.330000
22.250000
21.629999
21.790001
21.780001
22.180000
21.590000
19.969999
18.850000
19.250000
19.190001
19.590000
20.400000
20.830000
21.440001
21.080000
20.959999
21.330000
21.850000
22.590000
21.690001
21.459999
21.250000
20.770000
21.540001
22.590000
21.680000
21.910000
21.549999
22.200001
21.639999
21.940001
21.940001
22.180000
22.160000
22.100000
21.400000
21.559999
20.790001
20.950001
19.990000
20.150000
21.150000
21.190001
21.350000
21.639999
21.500000
21.629999
21.660000
21.570000
22.150000
21.700001
22.080000
22.320000
22.320000
22.600000
22.750000
22.510000
23.680000
24.540001
24.469999
26.459999
26.330000
26.340000
27.709999
27.080000
26.250000
26.879999
27.590000
27.590000
26.570000
25.549999
25.980000
26.510000
26.709999
27.209999
26.790001
26.350000
25.430000
25.850000
24.799999
24.889999
25.299999
24.469999
25.030001
25.090000
26.400000
25.400000
28.000000
28.639999
28.910000
28.600000
28.680000
28.629999
29.469999
29.870001
30.660000
30.360001
30.459999
30.830000
31.549999
33.139999
32.639999
32.509998
32.700001
31.559999
31.340000
31.750000
33.029999
32.549999
34.880001
34.889999
35.610001
36.500000
34.709999
35.000000
35.160000
36.040001
34.470001
34.020000
33.970001
35.299999
35.400002
34.570000
35.930000
35.500000
35.799999
35.799999
35.480000
35.369999
35.299999
35.209999
36.689999
36.630001
36.330002
37.599998
37.020000
38.299999
38.759998
40.540001
39.119999
38.299999
38.500000
39.610001
38.520000
37.150002
36.320000
34.709999
35.700001
37.750000
41.049999
40.740002
41.490002
41.990002
41.150002
41.349998
41.410000
39.700001
39.240002
38.619999
39.000000
39.130001
38.990002
38.950001
40.250000
39.919998
40.230000
40.480000
43.450001
43.060001
44.220001
46.360001
44.849998
45.650002
45.770000
45.939999
45.820000
46.520000
47.580002
46.200001
46.950001
46.500000
47.099998
46.259998
46.200001
44.849998
45.360001
45.400002
46.209999
46.160000
47.869999
46.560001
47.410000
50.349998
49.660000
49.900002
48.880001
49.650002
48.369999
48.939999
51.130001
52.889999
54.000000
55.439999
57.410000
57.700001
57.939999
58.099998
60.389999
58.160000
59.299999
59.560001
59.730000
56.049999
52.980000
54.549999
54.900002
55.189999
56.650002
57.400002
55.900002
54.799999
56.700001
56.130001
56.810001
55.610001
53.950001
51.840000
52.570000
54.040001
54.430000
51.919998
50.730000
48.709999
49.099998
49.000000
49.279999
51.349998
52.830002
52.840000
54.400002
54.500000
54.099998
51.450001
51.200001
51.549999
51.169998
49.450001
49.259998
50.990002
52.049999
49.599998
49.470001
47.610001
48.799999
48.980000
50.020000
52.299999
54.139999
53.790001
53.180000
52.820000
52.759998
52.000000
53.110001
52.180000
52.090000
49.770000
51.610001
52.669998
54.619999
54.730000
56.270000
55.570000
56.160000
56.810001
57.099998
56.799999
56.730000
53.639999
52.040001
49.490002
50.650002
48.189999
44.810001
46.029999
46.110001
46.750000
45.849998
45.860001
46.930000
47.290001
46.139999
45.360001
45.150002
44.799999
45.180000
43.919998
42.500000
43.200001
43.570000
43.020000
42.730000
41.860001
43.119999
43.790001
43.959999
43.419998
42.720001
41.090000
41.349998
42.259998
41.290001
43.040001
42.529999
43.029999
41.750000
41.320000
40.310001
40.000000
42.009998
41.970001
42.709999
43.849998
43.450001
46.000000
45.669998
46.310001
46.200001
47.840000
48.160000
47.990002
46.080002
46.980000
47.049999
45.349998
47.660000
45.200001
45.950001
46.000000
46.330002
47.590000
47.619999
46.900002
46.060001
43.480000
44.410000
43.980000
43.590000
42.959999
41.230000
41.919998
42.340000
42.459999
43.700001
42.240002
42.200001
42.380001
41.650002
41.270000
41.290001
41.750000
43.860001
45.270000
47.270000
47.869999
50.490002
49.849998
50.049999
51.689999
51.299999
51.619999
50.400002
49.340000
49.709999
50.090000
50.509998
49.439999
49.450001
49.669998
48.770000
51.000000
51.049999
52.380001
53.220001
53.610001
53.799999
52.619999
52.549999
50.790001
48.509998
49.869999
48.220001
49.110001
48.950001
49.509998
48.990002
47.259998
46.139999
47.320000
43.709999
42.470001
40.230000
39.200001
39.290001
38.310001
38.500000
38.450001
38.320000
36.820000
37.410000
35.250000
35.340000
35.689999
36.400002
36.250000
36.560001
36.139999
38.570000
37.919998
40.259998
38.459999
39.889999
39.720001
39.060001
40.180000
40.320000
39.880001
38.380001
38.230000
38.040001
39.009998
39.150002
38.490002
38.240002
38.130001
39.130001
40.200001
42.049999
42.389999
42.849998
42.709999
43.570000
43.150002
41.330002
41.810001
40.910000
40.150002
39.450001
40.549999
41.290001
41.360001
40.840000
40.730000
41.419998
40.939999
39.830002
39.549999
41.419998
39.450001
39.290001
38.230000
39.740002
38.110001
39.299999
36.220001
34.000000
34.150002
33.630001
34.240002
34.360001
34.220001
35.490002
37.180000
35.700001
37.299999
36.750000
37.180000
38.000000
38.090000
39.049999
40.459999
40.500000
40.400002
39.730000
39.150002
38.439999
38.180000
38.869999
38.950001
39.599998
38.970001
40.000000
39.639999
40.360001
39.730000
39.450001
38.320000
38.400002
39.540001
39.330002
40.150002
40.340000
40.860001
40.160000
39.930000
38.840000
38.610001
39.340000
39.520000
43.900002
44.750000
45.000000
45.130001
44.950001
42.669998
41.570000
41.810001
41.380001
41.939999
41.400002
41.490002
42.450001
42.900002
44.290001
44.470001
41.709999
41.990002
41.439999
40.639999
41.180000
41.270000
42.090000
42.439999
43.000000
43.049999
34.900002
35.650002
35.820000
35.540001
36.450001
36.070000
35.570000
35.650002
36.209999
35.930000
35.740002
35.610001
35.020000
34.950001
33.660000
34.720001
34.720001
35.060001
35.389999
35.500000
35.840000
35.939999
36.310001
35.740002
35.310001
34.810001
34.669998
34.580002
33.880001
33.580002
34.150002
34.209999
33.700001
33.090000
33.400002
33.099998
33.279999
33.590000
34.490002
34.630001
34.000000
35.230000
35.099998
34.680000
34.750000
34.599998
34.400002
34.349998
34.259998
33.959999
32.900002
33.180000
33.099998
33.500000
33.490002
33.130001
33.430000
30.840000
31.660000
32.860001
32.299999
32.939999
33.349998
33.959999
34.240002
34.400002
34.400002
34.299999
33.700001
33.990002
34.029999
34.450001
34.810001
35.369999
35.450001
35.570000
35.480000
35.270000
35.279999
35.220001
35.360001
35.570000
36.330002
36.459999
35.540001
35.910000
35.400002
34.930000
35.250000
34.669998
34.820000
35.340000
35.200001
35.889999
35.049999
35.599998
35.500000
35.139999
35.299999
34.910000
34.599998
33.700001
33.470001
33.240002
33.500000
34.009998
33.799999
34.110001
34.720001
35.490002
36.270000
37.189999
37.349998
36.950001
37.380001
37.490002
38.959999
37.889999
38.000000
38.220001
42.009998
43.540001
45.310001
44.880001
44.900002
46.009998
45.549999
45.250000
45.320000
45.759998
45.389999
44.619999
44.630001
43.930000
44.900002
44.189999
43.880001
43.599998
43.610001
43.740002
43.320000
42.540001
42.299999
41.910000
42.389999
42.439999
42.520000
42.000000
41.549999
43.500000
43.450001
42.990002
42.720001
44.169998
43.880001
43.200001
42.799999
42.630001
42.650002
41.849998
41.200001
41.970001
42.450001
43.259998
43.250000
43.380001
44.650002
45.330002
46.000000
44.910000
44.560001
44.270000
43.820000
43.919998
42.910000
42.430000
43.000000
43.630001
44.919998
44.540001
45.900002
45.669998
46.119999
46.880001
41.000000
39.639999
39.549999
39.349998
39.970001
40.290001
40.889999
41.490002
41.080002
41.330002
41.790001
41.470001
42.369999
42.520000
45.459999
44.270000
45.430000
46.900002
47.570000
47.500000
48.770000
48.049999
48.150002
48.310001
48.480000
48.880001
48.919998
48.860001
49.060001
49.310001
48.830002
48.650002
49.150002
48.540001
49.200001
49.500000
49.400002
48.990002
48.459999
48.290001
48.900002
49.090000
48.900002
48.490002
48.130001
47.730000
47.470001
47.490002
47.160000
47.970001
46.549999
46.410000
45.650002
44.790001
44.470001
43.950001
43.189999
44.490002
44.230000
44.180000
43.660000
44.049999
43.950001
44.549999
45.410000
44.759998
43.919998
43.840000
37.700001
38.340000
38.090000
37.700001
38.610001
37.980000
38.250000
38.040001
38.240002
39.369999
38.930000
39.009998
38.310001
38.619999
38.250000
38.400002
37.790001
37.450001
35.639999
36.889999
37.320000
36.709999
36.720001
36.799999
36.240002
36.310001
36.040001
36.950001
37.080002
36.880001
35.919998
35.919998
36.000000
35.959999
35.720001
35.500000
35.209999
35.689999
36.450001
36.680000
36.669998
36.139999
36.660000
37.200001
38.549999
37.150002
36.610001
35.910000
35.950001
36.470001
35.389999
36.119999
36.700001
36.619999
36.119999
35.590000
35.340000
35.509998
35.770000
35.189999
34.639999
34.290001
34.619999
34.650002
34.990002
34.419998
34.680000
34.119999
33.560001
32.549999
32.840000
32.450001
31.709999
32.660000
33.959999
35.000000
33.410000
35.360001
35.660000
35.730000
34.740002
34.630001
35.189999
34.459999
33.580002
33.400002
33.549999
33.500000
34.000000
33.490002
33.500000
33.840000
34.880001
35.200001
35.009998
35.340000
36.549999
36.459999
36.549999
36.720001
36.700001
36.820000
38.580002
38.520000
38.279999
37.070000
36.709999
36.299999
35.740002
35.599998
34.330002
33.509998
32.790001
33.650002
33.500000
34.389999
33.849998
33.349998
34.000000
28.760000
26.450001
26.799999
27.020000
26.549999
26.150000
26.090000
26.940001
27.190001
26.799999
26.540001
26.200001
26.430000
26.219999
26.969999
27.969999
27.959999
29.090000
28.700001
28.139999
28.559999
28.240000
27.790001
28.400000
28.969999
29.570000
30.750000
30.850000
31.610001
31.760000
30.570000
30.190001
30.230000
30.870001
31.730000
31.540001
31.900000
32.450001
32.240002
31.809999
32.240002
30.219999
31.049999
31.889999
32.279999
32.270000
32.009998
31.980000
30.900000
31.750000
32.680000
33.150002
32.490002
33.270000
32.610001
33.099998
33.349998
32.849998
32.200001
32.570000
32.169998
32.689999
32.470001
32.869999
37.299999
37.250000
38.150002
38.049999
38.220001
38.130001
37.330002
37.610001
37.639999
38.200001
38.580002
39.500000
38.790001
39.230000
40.110001
41.500000
42.450001
42.549999
42.349998
42.549999
42.500000
42.560001
42.180000
40.750000
40.480000
40.419998
40.259998
39.310001
39.130001
38.770000
38.930000
37.919998
38.220001
38.439999
38.610001
38.740002
39.380001
40.200001
38.779999
39.430000
39.869999
39.980000
40.130001
39.860001
40.380001
40.060001
38.680000
38.590000
38.720001
38.220001
37.599998
37.490002
37.169998
37.360001
38.400002
38.700001
37.500000
36.689999
37.650002
36.900002
36.509998
38.080002
37.259998
36.700001
37.290001
36.950001
37.950001
37.230000
37.250000
37.200001
38.490002
38.950001
39.189999
38.790001
38.849998
39.230000
40.139999
39.900002
40.130001
41.189999
41.400002
41.000000
40.860001
40.189999
38.910000
39.320000
38.320000
37.150002
37.689999
38.680000
38.770000
38.480000
38.639999
38.299999
37.759998
38.099998
37.720001
38.000000
38.529999
38.549999
39.480000
39.560001
38.980000
38.820000
39.090000
39.650002
39.750000
39.849998
40.419998
41.220001
41.570000
41.720001
41.570000
41.730000
41.730000
42.189999
43.770000
45.279999
44.799999
44.610001
45.090000
44.270000
44.750000
53.119999
56.500000
61.240002
61.910000
61.119999
61.680000
61.080002
62.389999
62.430000
60.540001
62.000000
62.439999
60.959999
61.680000
61.400002
61.020000
62.880001
62.480000
63.580002
68.480003
69.209999
69.040001
69.690002
68.430000
69.059998
70.680000
68.900002
68.250000
71.099998
73.139999
72.570000
72.470001
73.000000
70.440002
70.900002
70.900002
72.849998
72.339996
71.550003
70.250000
69.160004
69.550003
69.349998
68.529999
66.959999
68.459999
69.029999
68.809998
70.040001
69.360001
68.750000
69.379997
71.650002
70.580002
71.309998
73.080002
74.730003
74.389999
73.269997
74.239998
72.620003
71.779999
71.040001
84.660004
85.019997
84.269997
83.000000
83.699997
78.099998
77.860001
79.540001
77.059998
78.550003
79.769997
76.400002
73.150002
76.089996
74.790001
73.019997
72.000000
74.489998
74.980003
74.209999
78.239998
78.940002
76.800003
80.559998
77.860001
76.959999
78.400002
80.000000
79.900002
82.239998
84.500000
84.699997
84.930000
84.169998
86.070000
87.949997
86.410004
86.980003
87.379997
89.519997
88.900002
90.290001
91.300003
91.989998
94.040001
94.070000
92.769997
93.419998
93.860001
92.190002
92.550003
93.550003
94.220001
96.589996
95.500000
95.330002
89.419998
91.800003
88.690002
91.900002
89.370003
89.930000
89.250000
95.279999
90.870003
88.230003
89.000000
90.410004
89.669998
88.050003
87.750000
87.970001
84.349998
84.610001
86.410004
86.800003
82.419998
78.260002
77.910004
80.400002
79.430000
77.010002
78.830002
79.860001
79.239998
80.110001
82.300003
82.919998
87.550003
89.889999
90.559998
90.029999
90.040001
94.989998
93.279999
94.559998
94.309998
93.099998
92.839996
91.050003
90.769997
89.010002
85.830002
86.940002
90.139999
91.470001
91.050003
91.480003
92.669998
95.269997
93.809998
95.349998
96.059998
93.260002
88.620003
87.550003
87.559998
83.980003
84.029999
82.180000
80.489998
79.580002
80.160004
79.930000
73.580002
75.599998
74.529999
78.690002
76.910004
75.769997
73.540001
68.910004
79.019997
74.500000
72.800003
72.300003
67.370003
73.400002
73.139999
75.430000
74.989998
77.730003
75.000000
73.540001
71.900002
73.940002
70.540001
72.349998
71.910004
70.680000
70.300003
67.010002
63.590000
61.669998
65.660004
64.750000
62.200001
63.900002
65.949997
66.769997
65.110001
68.610001
65.720001
68.250000
71.099998
70.169998
73.820000
75.830002
74.139999
74.370003
71.000000
70.250000
72.989998
77.080002
75.150002
75.260002
77.360001
76.400002
76.559998
74.480003
73.839996
71.699997
72.970001
73.019997
74.180000
76.480003
80.029999
79.940002
80.300003
77.709999
77.809998
80.639999
81.419998
80.900002
78.400002
80.300003
77.269997
75.510002
75.260002
73.730003
72.199997
73.000000
74.570000
74.919998
73.889999
76.419998
79.010002
82.169998
80.370003
78.680000
78.550003
78.260002
80.730003
80.610001
80.580002
81.150002
80.709999
80.110001
82.110001
83.239998
81.190002
78.199997
79.349998
78.019997
76.699997
78.419998
83.150002
82.000000
82.209999
83.099998
81.300003
79.550003
80.449997
79.099998
75.589996
75.029999
72.239998
74.160004
72.510002
72.370003
72.379997
74.559998
70.699997
69.400002
69.309998
65.870003
66.940002
71.199997
69.940002
69.519997
67.089996
67.459999
76.300003
79.629997
77.089996
76.489998
78.360001
76.750000
76.360001
75.989998
76.919998
78.550003
77.010002
76.779999
80.180000
87.320000
86.279999
85.709999
88.279999
86.089996
83.089996
82.000000
81.410004
84.269997
84.629997
82.739998
81.440002
82.209999
82.900002
83.160004
81.400002
80.599998
77.339996
82.250000
80.760002
80.010002
75.269997
78.809998
76.860001
76.800003
77.680000
73.080002
80.120003
81.129997
75.790001
72.300003
70.660004
69.519997
68.410004
65.839996
71.779999
67.629997
69.419998
64.059998
65.790001
55.639999
61.970001
52.990002
58.959999
63.500000
54.459999
46.400002
48.830002
52.169998
51.860001
50.049999
43.369999
44.750000
49.000000
51.500000
55.529999
58.759998
56.009998
56.349998
57.160000
57.470001
49.799999
47.759998
49.980000
47.099998
43.990002
41.400002
43.610001
39.910000
39.730000
37.970001
35.290001
36.389999
38.790001
42.090000
40.869999
44.029999
42.000000
41.389999
40.160000
45.939999
45.889999
49.150002
49.810001
51.459999
49.330002
47.520000
50.650002
49.619999
52.259998
53.000000
51.590000
51.599998
50.119999
51.660000
53.790001
51.430000
49.509998
50.740002
51.349998
55.730000
54.549999
56.290001
54.990002
56.919998
54.119999
50.959999
50.099998
48.560001
51.799999
50.750000
49.310001
49.419998
48.900002
50.180000
49.299999
49.720001
49.959999
57.360001
58.570000
60.869999
63.380001
61.150002
63.180000
66.559998
66.150002
63.099998
63.250000
63.970001
61.669998
62.270000
62.840000
61.070000
64.160004
61.970001
64.900002
64.120003
61.259998
63.939999
62.750000
62.799999
64.120003
65.199997
62.200001
62.490002
66.239998
68.349998
69.639999
68.559998
67.370003
70.970001
71.400002
70.389999
71.360001
74.849998
73.089996
73.470001
71.610001
70.400002
72.610001
73.019997
73.629997
76.419998
77.260002
76.970001
75.930000
77.510002
79.839996
78.000000
75.500000
75.330002
76.779999
78.440002
77.330002
78.169998
81.330002
82.029999
83.879997
82.680000
82.989998
80.930000
80.379997
80.260002
81.010002
82.879997
82.730003
79.690002
76.800003
78.699997
76.250000
73.790001
74.540001
73.959999
75.430000
78.500000
76.750000
76.099998
75.029999
78.510002
77.699997
77.720001
78.209999
82.419998
83.309998
85.419998
86.290001
86.750000
86.930000
87.580002
86.300003
85.029999
82.830002
83.699997
82.500000
82.809998
82.150002
82.410004
78.970001
78.000000
79.099998
81.900002
83.870003
83.620003
84.419998
81.110001
78.449997
78.529999
76.459999
78.250000
77.519997
78.070000
81.480003
83.000000
84.419998
85.800003
86.269997
88.519997
88.650002
89.839996
87.599998
86.239998
83.839996
84.470001
85.639999
85.760002
86.559998
87.480003
85.639999
84.309998
84.099998
85.010002
83.639999
83.419998
85.720001
84.110001
81.160004
81.410004
80.910004
82.980003
84.779999
85.169998
84.660004
84.099998
84.010002
84.779999
81.930000
80.739998
79.040001
78.389999
78.269997
79.860001
80.599998
82.330002
84.440002
83.809998
84.169998
85.910004
90.750000
90.739998
89.690002
91.459999
92.820000
92.000000
91.440002
91.040001
91.959999
92.260002
92.500000
90.050003
90.250000
89.330002
91.500000
94.800003
95.000000
96.169998
93.830002
96.220001
95.129997
95.300003
95.349998
95.910004
95.269997
93.660004
111.050003
119.209999
122.930000
121.570000
123.900002
121.970001
118.660004
117.669998
119.000000
117.459999
123.000000
127.110001
126.800003
131.080002
129.979996
131.160004
132.119995
131.399994
130.899994
130.539993
127.760002
131.050003
133.570007
133.309998
130.300003
132.190002
136.940002
139.149994
143.619995
143.419998
138.000000
134.300003
134.600006
132.410004
136.070007
132.500000
130.759995
130.929993
129.360001
127.910004
130.479996
133.759995
134.800003
139.199997
139.750000
141.289993
138.399994
137.089996
136.250000
133.429993
134.600006
132.009995
130.559998
132.619995
128.990005
127.900002
129.139999
129.179993
126.309998
127.129997
127.260002
125.599998
122.099998
120.559998
121.029999
124.430000
129.770004
123.180000
118.790001
117.120003
118.639999
115.879997
119.379997
118.199997
118.000000
117.209999
118.989998
120.059998
117.070000
115.839996
117.910004
117.370003
118.010002
117.959999
118.169998
117.879997
118.699997
125.010002
125.400002
125.980003
129.130005
128.300003
129.589996
129.110001
130.449997
134.199997
131.699997
131.240005
132.410004
131.020004
133.710007
130.199997
130.889999
128.639999
129.139999
134.899994
135.369995
135.740005
136.000000
135.800003
132.850006
131.229996
135.960007
134.710007
140.720001
140.000000
141.229996
140.339996
144.550003
144.880005
142.350006
143.830002
145.169998
147.009995
145.380005
143.199997
145.550003
142.589996
140.089996
141.399994
137.199997
135.619995
128.000000
130.000000
127.970001
129.729996
129.949997
131.410004
133.929993
130.360001
128.240005
130.139999
125.510002
122.639999
117.900002
122.570000
118.540001
125.050003
124.980003
126.070000
124.970001
124.019997
126.250000
126.330002
125.839996
122.000000
120.309998
120.000000
121.389999
124.239998
123.199997
125.389999
126.739998
126.480003
126.790001
122.650002
122.110001
120.610001
118.139999
118.849998
116.260002
108.580002
108.900002
110.919998
110.650002
109.839996
115.019997
116.550003
117.809998
120.690002
123.029999
120.129997
121.279999
118.379997
120.610001
120.620003
118.709999
105.930000
118.260002
118.430000
117.000000
117.989998
115.529999
119.150002
120.000000
123.059998
126.769997
126.720001
128.460007
127.949997
128.100006
123.760002
126.059998
123.610001
127.339996
129.250000
129.220001
127.199997
127.860001
125.410004
123.849998
127.150002
125.459999
126.029999
122.849998
126.360001
132.169998
136.889999
137.559998
137.929993
140.389999
140.750000
144.070007
144.500000
144.880005
145.399994
148.899994
148.699997
150.759995
149.839996
151.199997
155.429993
160.220001
159.839996
159.029999
160.009995
157.080002
153.949997
157.080002
160.600006
156.509995
155.179993
154.889999
152.509995
156.690002
155.160004
158.419998
165.000000
160.679993
158.779999
162.669998
162.449997
171.570007
167.570007
168.910004
168.309998
165.800003
164.449997
163.750000
165.399994
169.860001
169.350006
170.839996
172.669998
170.589996
171.000000
170.119995
165.160004
158.740005
157.839996
160.740005
163.949997
165.100006
168.610001
171.529999
177.360001
179.990005
176.949997
179.160004
176.860001
175.500000
175.520004
180.500000
177.490005
177.770004
174.880005
176.330002
174.279999
173.720001
175.580002
178.410004
179.270004
183.880005
185.000000
184.339996
181.899994
182.100006
181.800003
183.919998
181.960007
181.369995
186.149994
184.100006
186.500000
187.880005
185.039993
185.419998
185.360001
183.600006
185.500000
188.660004
190.899994
185.289993
183.000000
177.949997
175.500000
177.509995
177.479996
171.449997
170.160004
170.520004
171.419998
173.500000
174.000000
176.149994
176.660004
183.149994
184.389999
185.559998
189.250000
188.729996
189.770004
185.770004
187.539993
183.679993
180.250000
176.860001
178.949997
173.910004
173.529999
169.089996
173.710007
172.619995
171.919998
169.389999
166.669998
167.070007
165.500000
166.600006
161.389999
164.699997
165.910004
161.190002
163.369995
164.070007
162.300003
168.210007
171.639999
171.800003
170.729996
177.779999
179.309998
181.580002
180.889999
182.100006
186.149994
182.779999
185.259995
184.860001
183.059998
180.830002
181.389999
181.000000
178.380005
178.350006
181.619995
184.559998
185.649994
186.270004
183.199997
195.960007
194.380005
196.570007
201.000000
198.250000
198.660004
199.100006
198.339996
201.940002
203.119995
204.220001
205.699997
200.539993
191.820007
194.130005
198.330002
197.949997
195.559998
197.000000
193.570007
191.240005
194.759995
195.940002
196.059998
192.279999
191.229996
188.009995
185.720001
187.449997
189.740005
189.250000
186.809998
188.990005
188.039993
185.740005
186.509995
185.960007
188.300003
193.960007
189.500000
193.880005
194.500000
201.919998
202.669998
200.779999
205.550003
208.759995
212.119995
215.089996
214.300003
216.740005
214.639999
214.699997
213.580002
213.080002
212.529999
213.770004
220.050003
216.740005
213.860001
215.490005
214.990005
224.389999
223.270004
221.289993
225.000000
220.320007
212.970001
206.729996
204.669998
196.399994
196.699997
200.759995
197.009995
200.279999
202.059998
201.139999
198.529999
191.210007
180.289993
182.830002
178.919998
193.889999
194.410004
191.240005
202.820007
205.779999
212.270004
215.279999
208.940002
204.770004
218.800003
218.300003
215.050003
208.750000
217.789993
220.220001
223.990005
227.570007
237.110001
240.800003
234.509995
224.720001
220.509995
227.479996
234.220001
226.350006
234.169998
218.190002
217.009995
209.619995
212.529999
220.279999
222.479996
226.229996
230.600006
236.639999
237.000000
240.869995
244.289993
242.309998
240.669998
232.130005
236.910004
236.020004
238.589996
203.690002
204.259995
206.529999
215.789993
208.110001
215.550003
216.300003
217.649994
216.839996
219.199997
214.949997
213.500000
212.520004
215.649994
218.000000
216.270004
212.509995
205.330002
193.289993
186.949997
193.059998
190.410004
191.649994
194.779999
194.759995
191.850006
197.070007
198.860001
195.979996
191.029999
193.570007
191.210007
190.029999
188.559998
179.000000
182.050003
182.419998
182.000000
182.690002
181.919998
175.089996
179.220001
177.729996
176.389999
169.619995
173.360001
175.889999
179.210007
175.940002
178.070007
182.759995
181.100006
179.639999
179.419998
175.809998
180.149994
181.940002
190.880005
190.710007
190.789993
185.000000
186.990005
189.300003
193.089996
193.679993
194.000000
173.809998
179.649994
182.830002
186.279999
182.649994
184.949997
184.500000
183.419998
187.169998
191.080002
191.289993
177.789993
180.089996
182.649994
181.949997
179.639999
179.699997
177.539993
178.899994
183.889999
179.889999
179.479996
179.000000
178.679993
182.649994
184.169998
186.789993
184.130005
183.919998
183.649994
182.020004
183.279999
183.449997
184.880005
192.500000
190.539993
192.009995
196.479996
203.589996
206.139999
201.279999
205.020004
198.020004
198.240005
196.949997
193.550003
192.020004
192.750000
189.630005
188.059998
189.899994
189.009995
187.210007
188.820007
192.929993
192.339996
188.990005
188.679993
191.669998
193.570007
224.830002
223.949997
229.399994
227.820007
229.740005
227.800003
222.360001
223.149994
220.589996
223.910004
225.949997
225.600006
226.500000
225.000000
225.050003
219.410004
214.029999
218.309998
214.710007
216.979996
214.990005
214.300003
212.139999
209.479996
208.440002
207.399994
213.850006
214.630005
219.649994
218.610001
217.490005
217.649994
215.520004
215.259995
215.289993
217.279999
223.259995
224.509995
223.839996
221.830002
220.300003
221.449997
225.009995
223.919998
224.699997
229.300003
229.139999
228.619995
226.350006
225.000000
226.250000
218.949997
216.610001
215.630005
216.600006
217.449997
216.149994
220.729996
225.360001
224.720001
226.270004
222.000000
220.000000
225.250000
237.000000
235.100006
234.139999
230.559998
234.029999
235.559998
234.130005
235.289993
233.929993
233.080002
232.229996
234.710007
232.259995
237.720001
240.600006
241.369995
240.880005
239.399994
242.139999
241.679993
245.789993
243.970001
246.779999
246.990005
248.070007
248.270004
247.610001
248.229996
253.850006
259.000000
257.600006
256.500000
254.940002
261.399994
261.250000
258.480011
259.450012
260.029999
261.739990
255.220001
256.329987
252.399994
250.539993
256.140015
255.399994
252.800003
251.210007
256.010010
261.200012
257.670013
258.670013
252.000000
248.000000
243.179993
242.850006
244.869995
243.369995
247.770004
245.160004
238.809998
231.050003
235.880005
230.919998
228.600006
236.320007
234.229996
234.009995
232.039993
235.410004
235.649994
232.220001
226.259995
226.589996
225.119995
226.500000
222.300003
221.309998
228.320007
230.000000
233.839996
239.889999
240.389999
243.220001
242.449997
248.050003
250.380005
252.539993
249.940002
252.440002
253.000000
254.139999
253.100006
248.500000
251.070007
251.110001
250.110001
249.809998
254.570007
261.299988
258.359985
257.820007
257.299988
257.149994
248.279999
245.850006
243.750000
256.079987
257.269989
257.579987
262.970001
267.070007
268.170013
268.540009
265.100006
268.000000
270.679993
270.529999
271.500000
270.829987
271.619995
270.570007
269.369995
275.000000
283.779999
275.350006
283.000000
271.040009
268.929993
262.779999
262.000000
265.160004
264.100006
261.399994
263.200012
259.190002
261.529999
267.369995
267.630005
265.910004
270.200012
265.119995
266.619995
266.940002
260.890015
259.399994
261.809998
263.269989
265.359985
274.000000
275.760010
274.100006
275.000000
273.429993
271.000000
275.239990
269.670013
264.980011
259.299988
258.399994
258.049988
256.109985
254.550003
258.579987
257.049988
258.750000
265.820007
266.980011
262.399994
262.119995
259.230011
255.720001
255.919998
258.850006
261.779999
264.739990
270.119995
271.079987
269.309998
270.799988
266.809998
258.160004
259.350006
264.500000
269.500000
271.529999
269.970001
254.899994
249.369995
253.899994
248.940002
256.140015
258.089996
256.309998
256.869995
258.730011
260.880005
262.769989
264.500000
267.070007
265.959991
265.829987
269.000000
268.739990
267.390015
260.489990
259.850006
266.480011
265.459991
265.709991
266.000000
268.959991
267.000000
265.809998
267.750000
269.739990
276.679993
276.000000
276.600006
271.500000
275.000000
276.350006
279.079987
281.260010
275.140015
274.570007
271.290009
272.299988
273.980011
279.179993
276.190002
279.000000
281.040009
282.000000
285.000000
286.420013
291.000000
291.410004
294.989990
298.690002
307.269989
307.299988
306.970001
306.269989
304.390015
309.250000
303.160004
303.019989
299.000000
299.549988
311.070007
307.720001
303.910004
303.079987
304.630005
303.399994
300.510010
300.149994
298.519989
295.679993
295.790009
295.880005
294.290009
288.790009
286.549988
285.190002
285.880005
285.089996
284.799988
291.209991
290.429993
283.869995
280.359985
281.450012
284.589996
284.730011
288.329987
293.630005
295.329987
297.220001
300.549988
298.910004
299.390015
300.140015
299.820007
297.630005
304.059998
313.769989
312.540009
314.010010
312.429993
314.529999
313.899994
316.920013
313.410004
314.220001
318.040009
320.390015
315.130005
315.239990
311.500000
303.420013
304.630005
304.769989
309.220001
309.869995
308.380005
307.070007
319.359985
329.890015
327.720001
330.839996
329.630005
358.600006
359.920013
358.959991
362.619995
361.730011
365.630005
360.119995
356.779999
360.450012
355.859985
345.950012
350.589996
352.989990
347.399994
357.390015
367.630005
370.279999
365.820007
367.559998
364.049988
370.000000
373.820007
377.609985
383.500000
389.100006
399.000000
390.109985
383.500000
386.649994
388.350006
388.109985
383.739990
387.339996
381.260010
385.320007
385.029999
390.649994
389.230011
394.269989
396.549988
403.690002
402.519989
401.790009
404.649994
399.410004
394.579987
398.799988
398.290009
395.850006
395.040009
398.470001
403.709991
402.529999
397.980011
392.130005
398.940002
393.679993
394.260010
403.000000
408.000000
401.000000
398.160004
390.500000
387.399994
392.160004
393.769989
371.760010
358.980011
349.589996
346.000000
347.399994
358.980011
361.609985
361.839996
356.429993
347.700012
359.339996
355.279999
352.640015
348.799988
352.440002
345.190002
353.000000
359.859985
357.220001
360.600006
358.739990
363.899994
364.130005
374.049988
374.579987
372.690002
370.989990
366.399994
376.619995
372.799988
375.720001
377.320007
378.769989
370.640015
371.000000
360.089996
354.029999
357.130005
343.149994
340.049988
342.399994
338.089996
345.989990
341.820007
335.149994
320.989990
321.880005
328.470001
330.600006
314.000000
317.670013
316.700012
321.170013
319.760010
323.970001
332.000000
333.059998
329.670013
316.250000
304.000000
296.440002
298.100006
304.130005
310.420013
306.369995
309.529999
295.559998
290.820007
290.570007
294.299988
302.600006
302.500000
298.019989
292.799988
295.760010
297.100006
302.209991
305.049988
305.459991
314.410004
309.500000
310.420013
314.429993
312.589996
305.750000
306.850006
308.100006
325.000000
331.570007
327.649994
336.000000
335.549988
327.049988
324.859985
327.540009
328.000000
335.260010
327.760010
323.329987
327.540009
324.329987
328.489990
325.880005
324.980011
325.859985
333.200012
334.829987
337.500000
333.100006
324.709991
324.339996
334.709991
347.029999
353.720001
355.619995
353.440002
354.399994
358.100006
355.250000
359.049988
359.980011
317.299988
324.250000
321.980011
321.450012
320.010010
313.690002
308.839996
313.299988
310.829987
315.209991
311.940002
318.480011
318.890015
327.600006
327.799988
334.000000
335.480011
334.869995
334.679993
336.480011
332.989990
333.209991
337.000000
342.089996
340.000000
341.760010
339.980011
342.540009
343.690002
346.299988
344.540009
341.609985
334.299988
329.940002
329.559998
330.910004
321.070007
327.760010
325.440002
327.600006
328.489990
322.459991
324.170013
327.989990
320.600006
320.500000
321.359985
322.040009
316.920013
320.359985
323.500000
319.429993
316.579987
321.489990
314.019989
309.869995
308.000000
304.350006
293.829987
307.149994
302.950012
309.899994
315.429993
313.399994
284.399994
285.700012
289.760010
299.109985
293.980011
305.149994
306.239990
303.989990
303.010010
296.690002
297.820007
300.000000
305.940002
310.750000
312.000000
317.119995
326.440002
323.989990
327.250000
324.000000
335.420013
334.779999
335.269989
333.779999
336.029999
338.119995
327.500000
325.730011
315.529999
316.799988
311.570007
302.989990
312.000000
307.890015
303.989990
308.869995
304.350006
296.369995
304.010010
296.910004
301.940002
306.980011
306.380005
305.000000
307.850006
309.910004
311.549988
312.579987
307.010010
302.239990
297.500000
300.320007
301.480011
297.559998
297.480011
291.929993
294.000000
286.279999
292.589996
289.640015
300.000000
308.079987
311.820007
306.299988
309.809998
304.730011
346.320007
350.049988
360.290009
358.380005
366.000000
374.869995
371.000000
371.190002
371.230011
375.100006
378.410004
377.720001
373.779999
373.489990
378.619995
383.440002
378.649994
377.269989
384.070007
384.000000
380.850006
383.950012
385.709991
385.609985
385.519989
378.399994
377.450012
370.609985
368.820007
371.519989
370.380005
371.109985
369.970001
373.869995
376.290009
378.070007
373.989990
375.170013
369.589996
367.109985
371.869995
373.239990
372.100006
370.500000
370.100006
376.149994
374.660004
380.660004
384.309998
383.529999
383.510010
384.649994
383.690002
382.630005
378.549988
391.309998
391.910004
390.209991
439.000000
443.859985
438.510010
426.750000
427.109985
423.820007
424.799988
422.850006
421.429993
424.149994
430.750000
432.510010
431.079987
429.980011
429.450012
428.000000
426.000000
424.869995
420.600006
428.000000
431.549988
426.200012
427.450012
429.709991
427.230011
430.399994
430.070007
434.399994
434.399994
429.660004
425.619995
422.959991
426.459991
432.290009
431.250000
427.660004
424.149994
428.359985
430.299988
440.260010
437.000000
435.589996
444.970001
438.070007
441.760010
434.980011
434.200012
439.350006
437.000000
435.230011
435.679993
434.350006
434.899994
440.489990
448.290009
462.320007
463.040009
465.500000
477.700012
492.570007
487.899994
485.989990
491.660004
578.989990
527.750000
536.000000
530.919983
527.650024
539.090027
537.450012
529.690002
538.799988
539.299988
529.159973
528.520020
523.650024
523.750000
527.369995
528.250000
531.289978
535.039978
533.739990
530.390015
507.359985
463.579987
487.489990
484.019989
513.710022
517.500000
516.440002
499.140015
505.089996
514.500000
497.649994
508.690002
524.000000
515.150024
521.070007
529.440002
523.250000
521.979980
526.979980
534.619995
544.330017
539.710022
538.299988
530.549988
542.570007
520.020020
506.000000
505.440002
511.000000
512.989990
536.989990
545.500000
541.789978
536.710022
534.479980
539.960022
546.260010
551.340027
547.750000
565.270020
570.760010
572.000000
563.869995
562.700012
617.679993
602.299988
608.599976
612.299988
617.700012
626.010010
627.130005
629.530029
627.760010
647.099976
655.000000
658.650024
651.010010
663.250000
673.000000
663.570007
640.919983
650.650024
646.510010
664.989990
667.940002
671.500000
674.140015
675.000000
680.799988
675.900024
673.750000
681.000000
679.440002
666.000000
674.739990
663.130005
678.000000
665.590027
651.229980
641.750000
665.030029
663.559998
680.000000
668.650024
668.500000
666.830017
666.500000
663.349976
665.559998
677.979980
691.890015
686.080017
656.289978
646.859985
622.000000
621.799988
619.659973
612.479980
625.250000
620.880005
580.250000
572.239990
577.090027
564.359985
573.580017
588.729980
597.989990
603.450012
601.989990
608.369995
571.979980
578.150024
570.000000
553.500000
525.000000
529.280029
486.470001
478.010010
491.760010
491.170013
510.700012
519.479980
528.739990
541.190002
520.710022
542.200012
555.549988
545.750000
555.520020
560.119995
554.000000
556.289978
581.750000
577.960022
581.070007
573.539978
557.869995
559.559998
566.739990
566.950012
567.000000
571.000000
576.640015
569.510010
560.940002
548.909973
545.109985
561.000000
567.109985
584.400024
580.150024
596.710022
599.280029
590.489990
599.000000
590.770020
587.520020
598.760010
594.320007
596.140015
598.400024
607.679993
615.070007
621.919983
625.349976
637.140015
630.000000
631.000000
624.469971
616.609985
626.169983
611.799988
615.539978
666.000000
663.919983
677.359985
662.590027
673.309998
656.049988
673.950012
694.000000
705.789978
717.380005
714.640015
710.130005
709.900024
689.559998
691.880005
701.049988
704.250000
698.010010
708.000000
708.330017
715.000000
712.330017
720.900024
720.969971
726.739990
726.500000
729.890015
726.400024
723.099976
722.349976
714.010010
712.330017
722.000000
712.049988
718.190002
713.500000
715.719971
716.580017
715.500000
693.000000
692.010010
700.000000
715.750000
717.200012
717.320007
722.799988
725.710022
739.330017
740.140015
750.000000
756.859985
746.760010
748.859985
746.549988
735.489990
732.500000
744.000000
747.500000
747.789978
746.549988
742.710022
737.969971
745.979980
765.000000
759.869995
763.809998
757.059998
753.700012
764.809998
766.809998
767.390015
769.799988
769.940002
768.460022
771.900024
768.619995
764.409973
764.000000
761.900024
757.500000
763.309998
763.000000
756.000000
760.049988
768.719971
771.049988
766.599976
770.900024
774.109985
774.039978
789.530029
783.890015
779.359985
757.349976
768.770020
762.200012
762.000000
773.280029
779.969971
776.000000
783.250000
794.270020
803.130005
801.799988
801.849976
818.000000
828.260010
832.609985
836.000000
840.909973
838.000000
843.700012
845.789978
843.250000
841.020020
834.000000
829.000000
835.080017
821.500000
822.109985
820.400024
813.989990
809.359985
824.950012
839.299988
832.760010
831.239990
782.000000
781.030029
799.000000
783.929993
765.049988
762.789978
771.640015
784.969971
764.000000
778.809998
735.729980
745.510010
730.000000
739.880005
749.320007
761.000000
766.000000
788.169983
781.729980
786.500000
776.989990
768.000000
762.000000
752.409973
743.400024
745.000000
763.989990
764.549988
771.869995
770.000000
766.400024
764.960022
778.250000
766.280029
765.000000
758.890015
768.650024
770.000000
768.119995
764.549988
763.400024
776.250000
772.400024
766.469971
757.919983
758.390015
761.549988
782.359985
798.000000
796.599976
793.659973
800.309998
814.320007
815.700012
809.500000
810.000000
815.280029
806.799988
822.000000
825.789978
835.530029
839.000000
833.000000
823.750000
829.210022
836.590027
806.719971
809.799988
809.309998
812.690002
821.599976
823.820007
831.619995
837.000000
834.000000
841.840027
842.000000
848.840027
856.950012
857.570007
844.690002
842.380005
851.450012
853.049988
853.080017
847.200012
845.229980
845.479980
848.000000
851.000000
857.000000
851.770020
853.549988
854.330017
855.299988
853.489990
851.510010
858.840027
840.429993
848.200012
851.679993
838.070007
851.750000
859.049988
874.950012
877.000000
888.000000
891.500000
910.820007
913.799988
899.650024
899.630005
907.039978
903.090027
891.450012
887.500000
900.989990
907.840027
899.700012
902.669983
908.679993
907.039978
910.299988
914.390015
948.830017
927.799988
946.650024
946.000000
944.750000
940.520020
940.950012
952.799988
953.500000
945.109985
954.500000
958.729980
961.000000
954.700012
944.799988
962.840027
964.000000
975.020020
976.000000
984.849976
995.000000
996.510010
1000.00000
998.590027
998.989990
1007.2299800
1012.0000000
1005.9500100
1012.0599900
1012.50000
967.000000
977.989990
988.590027
958.700012
996.000000
1017.00000
998.000000
998.700012
1002.229980
1002.539970
1008.50000
990.690002
978.549988
979.000000
980.119995
972.789978
961.530029
964.659973
969.549988
985.000000
993.000000
1000.650020
1004.619990
1002.400020
1004.6900000
1006.0000000
1025.0000000
1031.5899600
1021.2800200
1028.3399600
1038.0500400
1043.1999500
1069.55004700
1012.1400100
1019.04998
996.109985
1001.77002
999.469971
989.679993
990.650024
994.349976
982.599976
976.299988
960.000000
978.409973
988.900024
981.650024
977.840027
961.400024
957.570007
955.520020
959.380005
957.419983
956.000000
946.539978
940.000000
958.440002
974.700012
984.200012
975.400024
968.320007
974.000000
979.099976
974.460022
983.270020
983.969971
996.799988
993.010010
990.400024
977.250000
971.789978
971.309998
961.010010
949.309998
945.489990
948.000000
951.859985
960.109985
964.000000
958.000000
954.210022
970.000000
975.640015
993.239990
996.669983
991.270020
996.809998
1007.000000
1008.440002
1005.590027
1009.270020
990.000000
993.530029
986.729980
969.000000
978.000000
980.330017
1058.140015
1095.010010
1109.000000
1105.400024
1097.810059
1091.150024
1109.150024
1124.739990
1122.819946
1125.959961
1126.099976
1123.000000
1130.109985
1127.010010
1130.160034
1138.280029
1129.770020
1132.859985
1141.000000
1160.699951
1202.660034
1204.880005
1194.800049
1167.099976
1172.050049
1173.849976
1128.260010
1137.989990
1156.589966
1170.400024
1164.599976
1166.510010
1170.000000
1163.709961
1179.030029
1187.369995
1189.150024
1190.500000
1175.900024
1172.079956
1168.359985
1179.910034
1189.000000
1182.349976
1172.000000
1188.300049
1205.000000
1217.510010
1236.000000
1256.900024
1245.150024
1259.739990
1273.390015
1323.000000
1312.239990
1293.949951
1312.000000
1297.170044
1338.089966
1374.819946
1368.000000
1392.010010
1409.180054
1403.170044
1451.300049
1445.000000
1477.390015
